1664851309230 22.91066551208496 0
1664851309261 22.044645309448242 1
1664851309275 21.227388381958008 2
1664851309289 20.428091049194336 3
1664851309303 19.582918167114258 4
1664851309317 18.77056884765625 5
1664851309330 17.944826126098633 6
1664851309344 17.132143020629883 7
1664851309358 16.33941650390625 8
1664851309372 15.515158653259277 9
1664851309386 14.733245849609375 10
1664851309400 13.916293144226074 11
1664851309516 13.102189064025879 12
1664851309530 12.283050537109375 13
1664851309543 11.47637939453125 14
1664851309557 10.692641258239746 15
1664851309571 9.91332721710205 16
1664851309585 9.130594253540039 17
1664851309598 8.347987174987793 18
1664851309612 7.632937908172607 19
1664851309626 6.996673107147217 20
1664851309639 6.4321136474609375 21
1664851309654 5.830026626586914 22
1664851309668 5.339874744415283 23
1664851309682 4.864461421966553 24
1664851309696 4.46427583694458 25
1664851309709 3.9704294204711914 26
1664851309723 3.5606348514556885 27
1664851309736 3.1967599391937256 28
1664851309750 3.0146572589874268 29
1664851309764 2.8379437923431396 30
1664851309778 2.6962008476257324 31
1664851309791 2.6159629821777344 32
1664851309805 2.563401460647583 33
1664851309818 2.5352091789245605 34
1664851309832 2.540717124938965 35
1664851309845 2.6108431816101074 36
1664851309859 2.6010873317718506 37
1664851309872 2.5319910049438477 38
1664851309886 2.5296268463134766 39
1664851309899 2.496547222137451 40
1664851309913 2.4990248680114746 41
1664851309927 2.491342782974243 42
1664851309940 2.489196300506592 43
1664851309954 2.4955427646636963 44
1664851309968 2.499990224838257 45
1664851309981 2.5027730464935303 46
1664851309995 2.4754128456115723 47
1664851310008 2.479483127593994 48
1664851310022 2.485807418823242 49
1664851310035 2.476545572280884 50
1664851310049 2.4788639545440674 51
1664851310062 2.4708869457244873 52
1664851310076 2.4749908447265625 53
1664851310090 2.47530460357666 54
1664851310104 2.4708571434020996 55
1664851310117 2.4747166633605957 56
1664851310131 2.4733123779296875 57
1664851310144 2.484347105026245 58
1664851310158 2.4868927001953125 59
1664851310171 2.4845383167266846 60
1664851310185 2.482072591781616 61
1664851310198 2.469362735748291 62
1664851310212 2.4817376136779785 63
1664851310225 2.5093564987182617 64
1664851310239 2.4774179458618164 65
1664851310252 2.5143673419952393 66
1664851310266 2.4954309463500977 67
1664851310280 2.4683992862701416 68
1664851310293 2.465837001800537 69
1664851310306 2.4903948307037354 70
1664851310320 2.4965198040008545 71
1664851310333 2.4828808307647705 72
1664851310347 2.47603702545166 73
1664851310360 2.485607862472534 74
1664851310374 2.4760255813598633 75
1664851310388 2.471452236175537 76
1664851310401 2.4773342609405518 77
1664851310415 2.4667744636535645 78
1664851311003 2.473459005355835 79
1664851311017 2.48722767829895 80
1664851311030 2.492997407913208 81
1664851311044 2.472050189971924 82
1664851311058 2.4783360958099365 83
1664851311071 2.4845120906829834 84
1664851311085 2.4757983684539795 85
1664851311098 2.4717092514038086 86
1664851311112 2.4739625453948975 87
1664851311126 2.4808006286621094 88
1664851311139 2.4738998413085938 89
1664851311153 2.4704771041870117 90
1664851311166 2.469785213470459 91
1664851311180 2.47059965133667 92
1664851311194 2.4699931144714355 93
1664851311207 2.473083257675171 94
1664851311221 2.4846508502960205 95
1664851311234 2.4714162349700928 96
1664851311248 2.4868862628936768 97
1664851311261 2.4670140743255615 98
1664851311275 2.481747627258301 99
