1664819481001 22.876136779785156 0
1664819481034 22.029409408569336 1
1664819481048 21.19750213623047 2
1664819481061 20.40534782409668 3
1664819481075 19.57444953918457 4
1664819481088 18.738075256347656 5
1664819481102 17.96552276611328 6
1664819481115 17.109155654907227 7
1664819481129 16.303686141967773 8
1664819481142 15.473892211914062 9
1664819481156 14.660477638244629 10
1664819481169 13.878253936767578 11
1664819481183 13.031086921691895 12
1664819481196 12.26612663269043 13
1664819481330 11.464481353759766 14
1664819481344 10.669654846191406 15
1664819481358 9.8685884475708 16
1664819481372 9.144362449645996 17
1664819481385 8.384554862976074 18
1664819481399 7.702769756317139 19
1664819481413 7.038691997528076 20
1664819481426 6.4434661865234375 21
1664819481440 5.891016006469727 22
1664819481454 5.389768600463867 23
1664819481468 4.973422050476074 24
1664819481482 4.502885818481445 25
1664819481495 4.073791980743408 26
1664819481508 3.7098047733306885 27
1664819481521 3.2512481212615967 28
1664819481534 3.0029516220092773 29
1664819481548 2.8387930393218994 30
1664819481561 2.7063872814178467 31
1664819481574 2.621471881866455 32
1664819481587 2.564750909805298 33
1664819481600 2.5567729473114014 34
1664819481613 2.529346466064453 35
1664819481627 2.5235157012939453 36
1664819481640 2.5129587650299072 37
1664819481654 2.50528621673584 38
1664819481669 2.503291368484497 39
1664819481683 2.5110695362091064 40
1664819481696 2.495138645172119 41
1664819481710 2.5022377967834473 42
1664819481723 2.4905316829681396 43
1664819481736 2.4906222820281982 44
1664819481749 2.4743216037750244 45
1664819481762 2.4804508686065674 46
1664819481775 2.4961936473846436 47
1664819481788 2.4963619709014893 48
1664819481801 2.4999241828918457 49
1664819481815 2.467597007751465 50
1664819481828 2.479651689529419 51
1664819481841 2.469311237335205 52
1664819481855 2.479553699493408 53
1664819481868 2.4892518520355225 54
1664819481881 2.4746086597442627 55
1664819481894 2.4965620040893555 56
1664819481907 2.4979217052459717 57
1664819481920 2.480665683746338 58
1664819481933 2.4753940105438232 59
1664819481946 2.4754693508148193 60
1664819481959 2.471097707748413 61
1664819481973 2.470245599746704 62
1664819481986 2.47127103805542 63
1664819482000 2.4711968898773193 64
1664819482014 2.471210479736328 65
1664819482028 2.4880387783050537 66
1664819482041 2.5102756023406982 67
1664819482054 2.493056297302246 68
1664819482067 2.4804673194885254 69
1664819482080 2.4737651348114014 70
1664819482094 2.4934215545654297 71
1664819482108 2.473357915878296 72
1664819482121 2.472500801086426 73
1664819482134 2.4685089588165283 74
1664819482148 2.4740712642669678 75
1664819482161 2.4969899654388428 76
1664819482174 2.4789068698883057 77
1664819482187 2.485987424850464 78
1664819482200 2.513146162033081 79
1664819482213 2.466365098953247 80
1664819482227 2.4845120906829834 81
1664819482240 2.501375436782837 82
1664819482253 2.4974544048309326 83
1664819482266 2.4912819862365723 84
1664819482280 2.490255355834961 85
1664819482295 2.467376947402954 86
1664819482308 2.530015707015991 87
1664819482322 2.487578868865967 88
1664819482335 2.4851977825164795 89
1664819482349 2.498203754425049 90
1664819482364 2.501479387283325 91
1664819483029 2.489281415939331 92
1664819483042 2.4759018421173096 93
1664819483055 2.4816393852233887 94
1664819483068 2.4735333919525146 95
1664819483081 2.50781512260437 96
1664819483094 2.470769166946411 97
1664819483107 2.496934652328491 98
1664819483120 2.5086772441864014 99
