1664851397030 22.98914337158203 0
1664851397062 22.057653427124023 1
1664851397076 21.246673583984375 2
1664851397090 20.404935836791992 3
1664851397103 19.604286193847656 4
1664851397117 18.77413558959961 5
1664851397130 17.951770782470703 6
1664851397144 17.144710540771484 7
1664851397158 16.321529388427734 8
1664851397172 15.498080253601074 9
1664851397186 14.684731483459473 10
1664851397200 13.880876541137695 11
1664851397304 13.061107635498047 12
1664851397318 12.258267402648926 13
1664851397332 11.450342178344727 14
1664851397345 10.68143081665039 15
1664851397359 9.873980522155762 16
1664851397373 9.112566947937012 17
1664851397386 8.349358558654785 18
1664851397400 7.649600028991699 19
1664851397415 6.9753570556640625 20
1664851397429 6.370440483093262 21
1664851397444 5.828298568725586 22
1664851397460 5.306455135345459 23
1664851397474 4.849438667297363 24
1664851397488 4.406398296356201 25
1664851397501 3.9868252277374268 26
1664851397515 3.553034782409668 27
1664851397528 3.191467046737671 28
1664851397542 2.92158842086792 29
1664851397556 2.7760708332061768 30
1664851397569 2.690139055252075 31
1664851397582 2.5977859497070312 32
1664851397596 2.544914484024048 33
1664851397609 2.516378879547119 34
1664851397623 2.5212130546569824 35
1664851397636 2.4983789920806885 36
1664851397650 2.503559112548828 37
1664851397664 2.492418050765991 38
1664851397677 2.489776849746704 39
1664851397690 2.4863624572753906 40
1664851397704 2.475736618041992 41
1664851397717 2.476728916168213 42
1664851397731 2.4764957427978516 43
1664851397744 2.471024513244629 44
1664851397757 2.469940423965454 45
1664851397770 2.4918763637542725 46
1664851397784 2.4933371543884277 47
1664851397797 2.470492124557495 48
1664851397811 2.4739577770233154 49
1664851397824 2.4958913326263428 50
1664851397837 2.4714760780334473 51
1664851397850 2.471167802810669 52
1664851397864 2.476691246032715 53
1664851397877 2.479048490524292 54
1664851397891 2.5192315578460693 55
1664851397905 2.48584246635437 56
1664851397919 2.46634578704834 57
1664851397933 2.4974324703216553 58
1664851397947 2.500650405883789 59
1664851397960 2.53169584274292 60
1664851397973 2.51043438911438 61
1664851397987 2.5250000953674316 62
1664851398001 2.518815517425537 63
1664851398014 2.4839420318603516 64
1664851398027 2.50627064704895 65
1664851398041 2.4844796657562256 66
1664851398054 2.4742419719696045 67
1664851398068 2.4709506034851074 68
1664851398081 2.483137369155884 69
1664851398095 2.4767284393310547 70
1664851398628 2.468418836593628 71
1664851398641 2.470895528793335 72
1664851398655 2.484415292739868 73
1664851398668 2.4998550415039062 74
1664851398682 2.4771907329559326 75
1664851398695 2.4695382118225098 76
1664851398708 2.4786081314086914 77
1664851398722 2.4865589141845703 78
1664851398736 2.4744157791137695 79
1664851398749 2.4675862789154053 80
1664851398763 2.4733595848083496 81
1664851398776 2.5067408084869385 82
1664851398790 2.469649314880371 83
1664851398803 2.4788997173309326 84
1664851398817 2.4676318168640137 85
1664851398830 2.4699506759643555 86
1664851398843 2.471245765686035 87
1664851398858 2.506442070007324 88
1664851398872 2.5075182914733887 89
1664851398886 2.46230411529541 90
1664851398903 2.5301456451416016 91
1664851398918 2.4833338260650635 92
1664851398932 2.4806087017059326 93
1664851398946 2.4665558338165283 94
1664851398959 2.4736735820770264 95
1664851398973 2.4752466678619385 96
1664851398986 2.472608804702759 97
1664851399000 2.4911046028137207 98
1664851399013 2.471348524093628 99
