1664762094863 22.958208084106445 0
1664762094893 22.094568252563477 1
1664762094905 21.243410110473633 2
1664762094918 20.4414119720459 3
1664762094931 19.639930725097656 4
1664762094944 18.836442947387695 5
1664762094957 17.980449676513672 6
1664762094970 17.163633346557617 7
1664762094983 16.384660720825195 8
1664762094996 15.554489135742188 9
1664762095009 14.748188972473145 10
1664762095021 13.927145004272461 11
1664762095034 13.133800506591797 12
1664762095153 12.331137657165527 13
1664762095166 11.547879219055176 14
1664762095178 10.725586891174316 15
1664762095190 9.946004867553711 16
1664762095203 9.160249710083008 17
1664762095215 8.38859748840332 18
1664762095228 7.647970676422119 19
1664762095240 6.957774639129639 20
1664762095253 6.309009552001953 21
1664762095265 5.733412742614746 22
1664762095278 5.19957160949707 23
1664762095290 4.738257884979248 24
1664762095303 4.268472194671631 25
1664762095315 3.8415944576263428 26
1664762095328 3.4169411659240723 27
1664762095341 3.0769193172454834 28
1664762095355 2.856452226638794 29
1664762095367 2.723942756652832 30
1664762095379 2.6309456825256348 31
1664762095392 2.5591964721679688 32
1664762095404 2.5244781970977783 33
1664762095417 2.503331184387207 34
1664762095429 2.4908719062805176 35
1664762095441 2.5136377811431885 36
1664762095454 2.47475528717041 37
1664762095467 2.4945926666259766 38
1664762095479 2.4775450229644775 39
1664762095492 2.490229606628418 40
1664762095505 2.470029592514038 41
1664762095517 2.4974749088287354 42
1664762095529 2.5008227825164795 43
1664762095542 2.4990224838256836 44
1664762095554 2.473386526107788 45
1664762095567 2.476693630218506 46
1664762095579 2.469973564147949 47
1664762095592 2.4795451164245605 48
1664762095605 2.4768762588500977 49
1664762095617 2.4866223335266113 50
1664762095630 2.476682186126709 51
1664762095642 2.475966453552246 52
1664762095654 2.4717459678649902 53
1664762095667 2.513270616531372 54
1664762095679 2.487116575241089 55
1664762095692 2.4671571254730225 56
1664762095704 2.4717869758605957 57
1664762095717 2.474311590194702 58
1664762095729 2.4798331260681152 59
1664762095742 2.4741313457489014 60
1664762095754 2.482825517654419 61
1664762095766 2.5028316974639893 62
1664762095779 2.4670584201812744 63
1664762095791 2.490642786026001 64
1664762095804 2.4690563678741455 65
1664762095816 2.4872829914093018 66
1664762095829 2.4974348545074463 67
1664762095841 2.517591953277588 68
1664762095853 2.475642681121826 69
1664762095866 2.51940655708313 70
1664762095878 2.5254738330841064 71
1664762095891 2.493879556655884 72
1664762095904 2.4781863689422607 73
1664762095916 2.4864842891693115 74
1664762095928 2.4985930919647217 75
1664762095941 2.4955930709838867 76
1664762095953 2.480604410171509 77
1664762095965 2.484760046005249 78
1664762095978 2.4937126636505127 79
1664762095991 2.4885566234588623 80
1664762096003 2.474931478500366 81
1664762096016 2.4911081790924072 82
1664762096028 2.4881393909454346 83
1664762096040 2.471041202545166 84
1664762096053 2.48445463180542 85
1664762096066 2.4821295738220215 86
1664762096078 2.466801166534424 87
1664762096712 2.4722800254821777 88
1664762096725 2.5009493827819824 89
1664762096738 2.4843790531158447 90
1664762096750 2.470459461212158 91
1664762096762 2.4842419624328613 92
1664762096775 2.463641881942749 93
1664762096787 2.4798927307128906 94
1664762096800 2.479788303375244 95
1664762096812 2.471471071243286 96
1664762096825 2.466815948486328 97
1664762096837 2.474977970123291 98
1664762096849 2.4636595249176025 99
