1664821259968 22.9415340423584 0
1664821259999 22.0700740814209 1
1664821260012 21.269065856933594 2
1664821260026 20.42351531982422 3
1664821260040 19.608558654785156 4
1664821260053 18.80831527709961 5
1664821260067 17.98176383972168 6
1664821260081 17.14767837524414 7
1664821260094 16.346803665161133 8
1664821260108 15.541802406311035 9
1664821260121 14.72350788116455 10
1664821260135 13.910368919372559 11
1664821260249 13.11213207244873 12
1664821260262 12.303810119628906 13
1664821260276 11.517250061035156 14
1664821260289 10.693567276000977 15
1664821260302 9.917374610900879 16
1664821260316 9.112809181213379 17
1664821260329 8.350000381469727 18
1664821260342 7.597029209136963 19
1664821260356 6.9131951332092285 20
1664821260369 6.288866996765137 21
1664821260382 5.733849048614502 22
1664821260395 5.236243724822998 23
1664821260408 4.772342681884766 24
1664821260423 4.353832244873047 25
1664821260436 3.897524833679199 26
1664821260451 3.433593273162842 27
1664821260464 3.1143929958343506 28
1664821260477 2.894422769546509 29
1664821260490 2.7614550590515137 30
1664821260503 2.6717376708984375 31
1664821260516 2.612532615661621 32
1664821260529 2.5729310512542725 33
1664821260543 2.5561177730560303 34
1664821260556 2.5171685218811035 35
1664821260569 2.51594614982605 36
1664821260582 2.5119378566741943 37
1664821260596 2.5206716060638428 38
1664821260609 2.5048668384552 39
1664821260622 2.4979894161224365 40
1664821260636 2.493382692337036 41
1664821260649 2.5182864665985107 42
1664821260662 2.580075740814209 43
1664821260675 2.5408265590667725 44
1664821260688 2.488391637802124 45
1664821260702 2.4584035873413086 46
1664821260715 2.5040340423583984 47
1664821260728 2.481816053390503 48
1664821260743 2.4793460369110107 49
1664821260757 2.5056917667388916 50
1664821260770 2.5002617835998535 51
1664821260784 2.4771311283111572 52
1664821260797 2.4812052249908447 53
1664821260810 2.473090171813965 54
1664821260824 2.4714643955230713 55
1664821260837 2.479971408843994 56
1664821260850 2.4792165756225586 57
1664821260863 2.48142671585083 58
1664821260877 2.500253915786743 59
1664821260890 2.4808900356292725 60
1664821260903 2.46852970123291 61
1664821260916 2.498929023742676 62
1664821260929 2.4722254276275635 63
1664821260942 2.490417003631592 64
1664821260955 2.4914016723632812 65
1664821260968 2.482537269592285 66
1664821260981 2.5409047603607178 67
1664821260994 2.5397820472717285 68
1664821261007 2.569854259490967 69
1664821261020 2.4936046600341797 70
1664821261033 2.4818947315216064 71
1664821261046 2.484492301940918 72
1664821261059 2.4817848205566406 73
1664821261072 2.4715046882629395 74
1664821261085 2.4799692630767822 75
1664821261098 2.4671385288238525 76
1664821261111 2.4900288581848145 77
1664821261124 2.4765920639038086 78
1664821261137 2.476821184158325 79
1664821261718 2.467468500137329 80
1664821261732 2.473032236099243 81
1664821261746 2.472566843032837 82
1664821261761 2.4859259128570557 83
1664821261779 2.4786503314971924 84
1664821261793 2.476327419281006 85
1664821261806 2.468200922012329 86
1664821261819 2.46658992767334 87
1664821261832 2.4823057651519775 88
1664821261845 2.4640517234802246 89
1664821261858 2.5076911449432373 90
1664821261871 2.5117218494415283 91
1664821261884 2.483947277069092 92
1664821261898 2.472386360168457 93
1664821261910 2.5269715785980225 94
1664821261924 2.4910519123077393 95
1664821261937 2.5044853687286377 96
1664821261950 2.4877946376800537 97
1664821261963 2.485130548477173 98
1664821261976 2.489684581756592 99
