1664834351309 22.904664993286133 0
1664834351339 22.055936813354492 1
1664834351353 21.23584747314453 2
1664834351367 20.403562545776367 3
1664834351381 19.586511611938477 4
1664834351395 18.787397384643555 5
1664834351409 17.974227905273438 6
1664834351423 17.15212631225586 7
1664834351437 16.347219467163086 8
1664834351450 15.555558204650879 9
1664834351464 14.725467681884766 10
1664834351477 13.919276237487793 11
1664834351591 13.100396156311035 12
1664834351604 12.303231239318848 13
1664834351617 11.48889446258545 14
1664834351630 10.699745178222656 15
1664834351644 9.916424751281738 16
1664834351657 9.10395336151123 17
1664834351670 8.347138404846191 18
1664834351683 7.627192974090576 19
1664834351698 6.957909107208252 20
1664834351713 6.344086170196533 21
1664834351727 5.772706985473633 22
1664834351741 5.253276348114014 23
1664834351755 4.790405750274658 24
1664834351769 4.363064765930176 25
1664834351782 3.892984390258789 26
1664834351796 3.438316583633423 27
1664834351809 3.1376848220825195 28
1664834351823 2.897000789642334 29
1664834351836 2.7679600715637207 30
1664834351850 2.6748316287994385 31
1664834351864 2.6000473499298096 32
1664834351877 2.5850696563720703 33
1664834351891 2.5397450923919678 34
1664834351904 2.511057138442993 35
1664834351917 2.5196406841278076 36
1664834351931 2.540086269378662 37
1664834351944 2.556812047958374 38
1664834351957 2.560624837875366 39
1664834351971 2.5157036781311035 40
1664834351985 2.4818451404571533 41
1664834351998 2.4809749126434326 42
1664834352011 2.474421501159668 43
1664834352024 2.5065441131591797 44
1664834352037 2.5089285373687744 45
1664834352050 2.51399564743042 46
1664834352064 2.481743097305298 47
1664834352077 2.476294994354248 48
1664834352090 2.466628313064575 49
1664834352103 2.4884188175201416 50
1664834352117 2.4742915630340576 51
1664834352130 2.4887821674346924 52
1664834352143 2.469203472137451 53
1664834352157 2.470059633255005 54
1664834352171 2.5159661769866943 55
1664834352185 2.526191473007202 56
1664834352198 2.5219857692718506 57
1664834352212 2.490621328353882 58
1664834352225 2.47009015083313 59
1664834352239 2.471273422241211 60
1664834352252 2.489436149597168 61
1664834352266 2.497962474822998 62
1664834352279 2.4911882877349854 63
1664834352292 2.477442979812622 64
1664834352305 2.4724016189575195 65
1664834352319 2.4743306636810303 66
1664834352333 2.470193862915039 67
1664834352346 2.466210126876831 68
1664834352359 2.484121561050415 69
1664834352372 2.4917633533477783 70
1664834352385 2.488605260848999 71
1664834352399 2.5313611030578613 72
1664834352412 2.5654244422912598 73
1664834352425 2.537355422973633 74
1664834352438 2.4914352893829346 75
1664834352451 2.463759660720825 76
1664834352465 2.486191749572754 77
1664834353032 2.476757049560547 78
1664834353046 2.4685420989990234 79
1664834353059 2.4928274154663086 80
1664834353072 2.4660091400146484 81
1664834353086 2.471839666366577 82
1664834353099 2.4727389812469482 83
1664834353112 2.486279010772705 84
1664834353126 2.490488290786743 85
1664834353139 2.4863739013671875 86
1664834353152 2.480620861053467 87
1664834353165 2.4632387161254883 88
1664834353178 2.472318649291992 89
1664834353192 2.4703338146209717 90
1664834353205 2.4878180027008057 91
1664834353218 2.4855034351348877 92
1664834353231 2.4809608459472656 93
1664834353244 2.4879329204559326 94
1664834353258 2.4647276401519775 95
1664834353271 2.475874185562134 96
1664834353284 2.4720776081085205 97
1664834353298 2.474817991256714 98
1664834353311 2.4972989559173584 99
