1664818780188 22.92177963256836 0
1664818780219 22.04532241821289 1
1664818780232 21.228334426879883 2
1664818780246 20.429241180419922 3
1664818780260 19.58014488220215 4
1664818780274 18.77222442626953 5
1664818780287 17.942750930786133 6
1664818780301 17.152183532714844 7
1664818780316 16.30159568786621 8
1664818780332 15.48437213897705 9
1664818780346 14.699323654174805 10
1664818780360 13.865579605102539 11
1664818780476 13.062871932983398 12
1664818780489 12.263127326965332 13
1664818780503 11.433503150939941 14
1664818780516 10.682147979736328 15
1664818780530 9.873008728027344 16
1664818780543 9.109938621520996 17
1664818780557 8.39153003692627 18
1664818780570 7.682780742645264 19
1664818780583 7.02632999420166 20
1664818780597 6.432151794433594 21
1664818780611 5.850823402404785 22
1664818780625 5.339567184448242 23
1664818780639 4.860042095184326 24
1664818780652 4.441545009613037 25
1664818780666 3.9703774452209473 26
1664818780679 3.53145432472229 27
1664818780693 3.1611413955688477 28
1664818780706 2.9374208450317383 29
1664818780720 2.785299062728882 30
1664818780734 2.7186012268066406 31
1664818780747 2.6165215969085693 32
1664818780760 2.5501976013183594 33
1664818780774 2.5502545833587646 34
1664818780787 2.563992500305176 35
1664818780801 2.5825624465942383 36
1664818780814 2.515205144882202 37
1664818780828 2.485605001449585 38
1664818780841 2.4993607997894287 39
1664818780854 2.483912229537964 40
1664818780868 2.498703956604004 41
1664818780881 2.492159843444824 42
1664818780894 2.486902952194214 43
1664818780908 2.4710590839385986 44
1664818780921 2.4837441444396973 45
1664818780934 2.496859312057495 46
1664818780948 2.492419958114624 47
1664818780961 2.4828786849975586 48
1664818780975 2.4814112186431885 49
1664818780988 2.479846477508545 50
1664818781001 2.479579210281372 51
1664818781015 2.477477550506592 52
1664818781028 2.485344648361206 53
1664818781042 2.4845852851867676 54
1664818781055 2.474553108215332 55
1664818781068 2.4821956157684326 56
1664818781082 2.476501226425171 57
1664818781095 2.471430778503418 58
1664818781109 2.4829189777374268 59
1664818781122 2.4852516651153564 60
1664818781135 2.4745066165924072 61
1664818781150 2.481295347213745 62
1664818781165 2.4927561283111572 63
1664818781179 2.486510992050171 64
1664818781193 2.491241693496704 65
1664818781206 2.468745708465576 66
1664818781220 2.4796969890594482 67
1664818781233 2.4712820053100586 68
1664818781247 2.479895830154419 69
1664818781260 2.476489305496216 70
1664818781273 2.4763100147247314 71
1664818781287 2.511192560195923 72
1664818781300 2.553365468978882 73
1664818781314 2.521519660949707 74
1664818781327 2.4728095531463623 75
1664818781340 2.476829767227173 76
1664818781354 2.4752068519592285 77
1664818781367 2.467397928237915 78
1664818781940 2.46819806098938 79
1664818781953 2.470014810562134 80
1664818781967 2.470621347427368 81
1664818781980 2.4661593437194824 82
1664818781994 2.469280481338501 83
1664818782007 2.468187093734741 84
1664818782021 2.4657936096191406 85
1664818782034 2.4696812629699707 86
1664818782048 2.4773130416870117 87
1664818782061 2.4745118618011475 88
1664818782075 2.4707529544830322 89
1664818782088 2.4648280143737793 90
1664818782102 2.46962833404541 91
1664818782115 2.4805216789245605 92
1664818782128 2.467867374420166 93
1664818782142 2.4838850498199463 94
1664818782157 2.493823766708374 95
1664818782172 2.503202438354492 96
1664818782186 2.476571798324585 97
1664818782200 2.474868059158325 98
1664818782213 2.4878783226013184 99
