1664818392602 22.90230941772461 0
1664818392632 22.01079750061035 1
1664818392646 21.1904239654541 2
1664818392660 20.369699478149414 3
1664818392674 19.55784797668457 4
1664818392687 18.73675537109375 5
1664818392701 17.920629501342773 6
1664818392715 17.130889892578125 7
1664818392728 16.3165340423584 8
1664818392742 15.500590324401855 9
1664818392755 14.694579124450684 10
1664818392769 13.874661445617676 11
1664818392880 13.07773208618164 12
1664818392893 12.26626968383789 13
1664818392906 11.461197853088379 14
1664818392920 10.676345825195312 15
1664818392933 9.889507293701172 16
1664818392946 9.120025634765625 17
1664818392959 8.345026969909668 18
1664818392972 7.650214672088623 19
1664818392986 7.011962413787842 20
1664818392999 6.476806163787842 21
1664818393012 5.843742847442627 22
1664818393025 5.323906898498535 23
1664818393040 4.879319667816162 24
1664818393054 4.4451398849487305 25
1664818393068 4.019283771514893 26
1664818393082 3.588414430618286 27
1664818393095 3.189089059829712 28
1664818393109 2.95493483543396 29
1664818393122 2.769989490509033 30
1664818393135 2.6693813800811768 31
1664818393148 2.595144748687744 32
1664818393162 2.5376439094543457 33
1664818393175 2.5260889530181885 34
1664818393188 2.527862310409546 35
1664818393202 2.5273027420043945 36
1664818393215 2.5470709800720215 37
1664818393228 2.5925495624542236 38
1664818393241 2.550355911254883 39
1664818393254 2.5857126712799072 40
1664818393268 2.5188701152801514 41
1664818393281 2.4783899784088135 42
1664818393294 2.4790210723876953 43
1664818393307 2.4686999320983887 44
1664818393321 2.4867751598358154 45
1664818393334 2.4711060523986816 46
1664818393347 2.47009539604187 47
1664818393360 2.4996862411499023 48
1664818393373 2.476036310195923 49
1664818393386 2.4712445735931396 50
1664818393400 2.485530138015747 51
1664818393413 2.473764419555664 52
1664818393426 2.471008539199829 53
1664818393440 2.4717321395874023 54
1664818393453 2.4795374870300293 55
1664818393466 2.4725594520568848 56
1664818393479 2.47019362449646 57
1664818393492 2.4759364128112793 58
1664818393506 2.4851365089416504 59
1664818393519 2.4729702472686768 60
1664818393532 2.471993923187256 61
1664818393545 2.494398355484009 62
1664818393558 2.4859328269958496 63
1664818393571 2.483316421508789 64
1664818393585 2.4727530479431152 65
1664818393598 2.493527412414551 66
1664818393611 2.463324546813965 67
1664818393624 2.4802255630493164 68
1664818393638 2.474520683288574 69
1664818393651 2.4667770862579346 70
1664818393664 2.465660572052002 71
1664818393678 2.483985424041748 72
1664818393691 2.4832563400268555 73
1664818393704 2.495333433151245 74
1664818393718 2.4846692085266113 75
1664818393731 2.4803783893585205 76
1664818394294 2.492621660232544 77
1664818394308 2.4695231914520264 78
1664818394321 2.47861647605896 79
1664818394334 2.47183895111084 80
1664818394348 2.489595651626587 81
1664818394362 2.487584114074707 82
1664818394375 2.4633514881134033 83
1664818394388 2.495600700378418 84
1664818394402 2.4805803298950195 85
1664818394415 2.474191665649414 86
1664818394428 2.476280450820923 87
1664818394441 2.4841325283050537 88
1664818394454 2.4691362380981445 89
1664818394468 2.4765617847442627 90
1664818394481 2.483480930328369 91
1664818394494 2.467052459716797 92
1664818394507 2.472599744796753 93
1664818394521 2.5048325061798096 94
1664818394534 2.472707748413086 95
1664818394547 2.4748125076293945 96
1664818394561 2.500206708908081 97
1664818394574 2.5294084548950195 98
1664818394587 2.500458002090454 99
