1664834620716 22.499605178833008 0
1664834620795 21.788156509399414 1
1664834620849 20.935699462890625 2
1664834620885 19.881057739257812 3
1664834620934 18.511442184448242 4
1664834621031 16.667654037475586 5
1664834621087 14.638858795166016 6
1664834621134 12.499634742736816 7
1664834621188 10.15977668762207 8
1664834621250 7.42443323135376 9
1664834621325 5.888670921325684 10
1664834621355 5.366817474365234 11
1664834621478 4.5900750160217285 12
1664834621578 3.86333966255188 13
1664834621622 3.4636099338531494 14
1664834621672 3.214287042617798 15
1664834621718 3.0071187019348145 16
1664834621774 2.8584065437316895 17
1664834621821 2.7021431922912598 18
1664834621868 2.5976407527923584 19
1664834621922 2.49420428276062 20
1664834621963 2.4063799381256104 21
1664834622066 2.325716733932495 22
1664834622246 2.256211519241333 23
1664834622305 2.1920580863952637 24
1664834622352 2.144963264465332 25
1664834622400 2.112229108810425 26
1664834622446 2.064596176147461 27
1664834622496 2.029906988143921 28
1664834622547 2.000100612640381 29
1664834622588 1.9828904867172241 30
1664834622633 1.9767638444900513 31
1664834622679 1.9428694248199463 32
1664834622726 1.939376711845398 33
1664834622773 1.94829261302948 34
1664834622815 1.904028296470642 35
1664834622860 1.9410688877105713 36
1664834622885 1.894505262374878 37
1664834622936 1.883651614189148 38
1664834622979 1.8645825386047363 39
1664834623015 1.8762449026107788 40
1664834623057 1.8523834943771362 41
1664834623103 1.8780637979507446 42
1664834623159 1.8135684728622437 43
1664834623205 1.8303685188293457 44
1664834623253 1.847341775894165 45
1664834623560 1.8196667432785034 46
1664834623620 1.8036744594573975 47
1664834623665 1.8041768074035645 48
1664834623714 1.7981970310211182 49
1664834623863 1.7997616529464722 50
1664834623953 1.7870384454727173 51
1664834624020 1.7797257900238037 52
1664834624071 1.7715142965316772 53
1664834624192 1.75693678855896 54
1664834624247 1.775744915008545 55
1664834624299 1.7706853151321411 56
1664834624364 1.7481005191802979 57
1664834624486 1.7498936653137207 58
1664834624592 1.745653748512268 59
1664834624649 1.7461684942245483 60
1664834624688 1.741347312927246 61
1664834624731 1.715952754020691 62
1664834624824 1.726322054862976 63
1664834624863 1.7227859497070312 64
1664834624924 1.7143718004226685 65
1664834624972 1.6937648057937622 66
1664834625024 1.7165206670761108 67
1664834625092 1.707993745803833 68
1664834625140 1.689972996711731 69
1664834625187 1.6857585906982422 70
1664834625241 1.6916176080703735 71
1664834625389 1.686224341392517 72
1664834625422 1.6763139963150024 73
1664834625482 1.6768594980239868 74
1664834625546 1.6775496006011963 75
1664834625695 1.677460789680481 76
1664834626030 1.6636751890182495 77
1664834626066 1.6822664737701416 78
1664834626108 1.7182637453079224 79
1664834626149 1.7002670764923096 80
1664834626193 1.6607205867767334 81
1664834626249 1.6538505554199219 82
1664834626293 1.6496803760528564 83
1664834626337 1.665757656097412 84
1664834626384 1.6531202793121338 85
1664834626434 1.6582835912704468 86
1664834626465 1.6611038446426392 87
1664834626512 1.669838309288025 88
1664834626557 1.6338109970092773 89
1664834626609 1.6820615530014038 90
1664834626662 1.6512409448623657 91
1664834626703 1.6365790367126465 92
1664834626749 1.634488821029663 93
1664834626800 1.6536881923675537 94
1664834626939 1.6170507669448853 95
1664834626980 1.621799349784851 96
1664834627029 1.609947919845581 97
1664834627079 1.6082326173782349 98
1664834627136 1.618151068687439 99
