1664858753272 22.876907348632812 0
1664858753302 22.062536239624023 1
1664858753317 21.20392608642578 2
1664858753331 20.39920425415039 3
1664858753345 19.569847106933594 4
1664858753358 18.74265480041504 5
1664858753372 17.94095802307129 6
1664858753386 17.11422348022461 7
1664858753400 16.304426193237305 8
1664858753414 15.47127914428711 9
1664858753429 14.671380996704102 10
1664858753443 13.849953651428223 11
1664858753557 13.04409408569336 12
1664858753571 12.260838508605957 13
1664858753585 11.444321632385254 14
1664858753598 10.652322769165039 15
1664858753612 9.866047859191895 16
1664858753625 9.091135025024414 17
1664858753639 8.387743949890137 18
1664858753653 7.683324337005615 19
1664858753667 6.990645408630371 20
1664858753680 6.423088073730469 21
1664858753695 5.901161193847656 22
1664858753711 5.414396286010742 23
1664858753726 4.956516742706299 24
1664858753740 4.522158622741699 25
1664858753753 4.082528591156006 26
1664858753767 3.712035655975342 27
1664858753781 3.262687921524048 28
1664858753794 2.97269606590271 29
1664858753808 2.7885682582855225 30
1664858753822 2.6924710273742676 31
1664858753836 2.6195104122161865 32
1664858753850 2.6254029273986816 33
1664858753863 2.573192834854126 34
1664858753877 2.544893503189087 35
1664858753891 2.5038678646087646 36
1664858753905 2.4925765991210938 37
1664858753918 2.494492530822754 38
1664858753932 2.4662516117095947 39
1664858753946 2.4762940406799316 40
1664858753960 2.468992233276367 41
1664858753973 2.4754812717437744 42
1664858753987 2.4776113033294678 43
1664858754001 2.50614595413208 44
1664858754015 2.481419086456299 45
1664858754028 2.4660048484802246 46
1664858754042 2.4978530406951904 47
1664858754056 2.4853200912475586 48
1664858754070 2.483335018157959 49
1664858754083 2.474639415740967 50
1664858754097 2.4776711463928223 51
1664858754111 2.469860076904297 52
1664858754124 2.4784014225006104 53
1664858754138 2.4838380813598633 54
1664858754151 2.470445394515991 55
1664858754165 2.4816291332244873 56
1664858754179 2.4659388065338135 57
1664858754192 2.4668385982513428 58
1664858754206 2.4965384006500244 59
1664858754220 2.4944727420806885 60
1664858754233 2.4947431087493896 61
1664858754249 2.4893007278442383 62
1664858754262 2.475428819656372 63
1664858754276 2.48260760307312 64
1664858754290 2.465928316116333 65
1664858754304 2.4756805896759033 66
1664858754317 2.4904794692993164 67
1664858754331 2.476022720336914 68
1664858754345 2.5281198024749756 69
1664858754358 2.5228986740112305 70
1664858754372 2.478997230529785 71
1664858754385 2.5008914470672607 72
1664858754399 2.490424633026123 73
1664858754413 2.474717140197754 74
1664858754427 2.469095230102539 75
1664858754441 2.5031821727752686 76
1664858755006 2.4922783374786377 77
1664858755020 2.4971425533294678 78
1664858755033 2.510409355163574 79
1664858755047 2.487914800643921 80
1664858755061 2.4870529174804688 81
1664858755074 2.468308448791504 82
1664858755088 2.4832980632781982 83
1664858755102 2.484262466430664 84
1664858755115 2.4825494289398193 85
1664858755129 2.4783546924591064 86
1664858755143 2.471686840057373 87
1664858755157 2.4770314693450928 88
1664858755171 2.4699621200561523 89
1664858755185 2.4807522296905518 90
1664858755199 2.486675500869751 91
1664858755212 2.476614236831665 92
1664858755226 2.4716663360595703 93
1664858755240 2.4751439094543457 94
1664858755253 2.4694337844848633 95
1664858755267 2.4671273231506348 96
1664858755281 2.4663326740264893 97
1664858755294 2.5523204803466797 98
1664858755308 2.4829494953155518 99
