1664851449063 23.08038330078125 0
1664851449146 22.475582122802734 1
1664851449194 21.812631607055664 2
1664851449250 20.96737289428711 3
1664851449329 19.883813858032227 4
1664851449451 18.468416213989258 5
1664851449510 16.797733306884766 6
1664851449561 15.170655250549316 7
1664851449621 13.653877258300781 8
1664851449672 11.91831111907959 9
1664851449751 9.602460861206055 10
1664851449792 7.021504878997803 11
1664851449835 5.106069087982178 12
1664851450005 4.617114543914795 13
1664851450051 4.005185604095459 14
1664851450103 3.519448757171631 15
1664851450158 3.2719457149505615 16
1664851450208 3.061291456222534 17
1664851450273 2.880335807800293 18
1664851450342 2.740943670272827 19
1664851450387 2.6022772789001465 20
1664851450438 2.4904613494873047 21
1664851450467 2.3793280124664307 22
1664851450586 2.2918190956115723 23
1664851450628 2.226484537124634 24
1664851450686 2.168734312057495 25
1664851450733 2.1213431358337402 26
1664851450984 2.0870230197906494 27
1664851451030 2.0654947757720947 28
1664851451079 2.030874729156494 29
1664851451130 2.001891851425171 30
1664851451256 1.9937608242034912 31
1664851451328 1.9560861587524414 32
1664851451374 1.9446704387664795 33
1664851451410 1.9347397089004517 34
1664851451463 1.91334068775177 35
1664851451521 1.9111241102218628 36
1664851451573 1.8974835872650146 37
1664851451605 1.8807531595230103 38
1664851451695 1.8729524612426758 39
1664851451735 1.8662800788879395 40
1664851451799 1.8662333488464355 41
1664851451839 1.8963580131530762 42
1664851451873 1.8530585765838623 43
1664851451964 1.8453580141067505 44
1664851451995 1.839209794998169 45
1664851452062 1.836996078491211 46
1664851452107 1.830155611038208 47
1664851452161 1.8151310682296753 48
1664851452203 1.8235530853271484 49
1664851452321 1.8105846643447876 50
1664851452368 1.8102039098739624 51
1664851452454 1.8081694841384888 52
1664851452821 1.799120545387268 53
1664851452875 1.8008877038955688 54
1664851452923 1.7935186624526978 55
1664851452971 1.7943147420883179 56
1664851453026 1.7879893779754639 57
1664851453077 1.768598198890686 58
1664851453225 1.7698633670806885 59
1664851453275 1.7658565044403076 60
1664851453336 1.7694531679153442 61
1664851453381 1.7570245265960693 62
1664851453469 1.759387731552124 63
1664851453523 1.7532448768615723 64
1664851453575 1.751510739326477 65
1664851453601 1.7563214302062988 66
1664851453659 1.75167977809906 67
1664851453694 1.7424335479736328 68
1664851453748 1.7376224994659424 69
1664851453798 1.7362126111984253 70
1664851453846 1.745517373085022 71
1664851453905 1.736030101776123 72
1664851453949 1.7422335147857666 73
1664851454017 1.7460328340530396 74
1664851454068 1.735833764076233 75
1664851454106 1.7306486368179321 76
1664851454153 1.7182643413543701 77
1664851454197 1.7142689228057861 78
1664851454256 1.7142945528030396 79
1664851454332 1.706395149230957 80
1664851454389 1.708220362663269 81
1664851454476 1.7199969291687012 82
1664851454522 1.7092972993850708 83
1664851454576 1.7123124599456787 84
1664851454623 1.738228440284729 85
1664851454682 1.6978346109390259 86
1664851454736 1.6896131038665771 87
1664851454777 1.6982641220092773 88
1664851454822 1.6934953927993774 89
1664851454874 1.6968744993209839 90
1664851454929 1.6879587173461914 91
1664851455363 1.6977962255477905 92
1664851455503 1.6981946229934692 93
1664851455555 1.6814517974853516 94
1664851455592 1.6825544834136963 95
1664851455659 1.6855300664901733 96
1664851455713 1.6874581575393677 97
1664851455834 1.6840190887451172 98
1664851455931 1.6745458841323853 99
