1664817083049 22.951580047607422 0
1664817083080 22.11927604675293 1
1664817083094 21.25575828552246 2
1664817083107 20.448619842529297 3
1664817083121 19.63585090637207 4
1664817083134 18.839399337768555 5
1664817083147 18.01004409790039 6
1664817083161 17.18604850769043 7
1664817083175 16.36305046081543 8
1664817083188 15.573144912719727 9
1664817083202 14.758419036865234 10
1664817083215 13.94650650024414 11
1664817083228 13.151140213012695 12
1664817083350 12.339239120483398 13
1664817083363 11.53197956085205 14
1664817083376 10.736673355102539 15
1664817083389 9.944329261779785 16
1664817083402 9.158123970031738 17
1664817083415 8.436213493347168 18
1664817083428 7.632824420928955 19
1664817083441 6.910295009613037 20
1664817083455 6.276883602142334 21
1664817083469 5.676805019378662 22
1664817083482 5.164303302764893 23
1664817083496 4.68178653717041 24
1664817083509 4.251489639282227 25
1664817083522 3.8046772480010986 26
1664817083535 3.4257349967956543 27
1664817083548 3.102184772491455 28
1664817083562 2.897836208343506 29
1664817083576 2.8894476890563965 30
1664817083589 2.7442073822021484 31
1664817083602 2.6561150550842285 32
1664817083615 2.568199396133423 33
1664817083628 2.5296270847320557 34
1664817083641 2.5441348552703857 35
1664817083655 2.516427993774414 36
1664817083671 2.5177440643310547 37
1664817083684 2.502203941345215 38
1664817083698 2.515122890472412 39
1664817083711 2.5300447940826416 40
1664817083724 2.5117313861846924 41
1664817083737 2.493420362472534 42
1664817083750 2.4784421920776367 43
1664817083762 2.4720406532287598 44
1664817083775 2.4852113723754883 45
1664817083788 2.465555191040039 46
1664817083801 2.4843828678131104 47
1664817083815 2.47244930267334 48
1664817083828 2.477970600128174 49
1664817083840 2.4887871742248535 50
1664817083854 2.470643997192383 51
1664817083866 2.480071544647217 52
1664817083880 2.5020124912261963 53
1664817083893 2.479607343673706 54
1664817083906 2.4815688133239746 55
1664817083919 2.4747061729431152 56
1664817083931 2.480807065963745 57
1664817083945 2.48441743850708 58
1664817083958 2.476620674133301 59
1664817083971 2.4696946144104004 60
1664817083985 2.481330633163452 61
1664817083998 2.4708251953125 62
1664817084011 2.4927265644073486 63
1664817084024 2.475266218185425 64
1664817084037 2.47594952583313 65
1664817084050 2.4599292278289795 66
1664817084063 2.4762768745422363 67
1664817084076 2.50429105758667 68
1664817084088 2.5340347290039062 69
1664817084102 2.5461461544036865 70
1664817084115 2.5583624839782715 71
1664817084128 2.545625925064087 72
1664817084141 2.475615978240967 73
1664817084154 2.5028340816497803 74
1664817084167 2.476030111312866 75
1664817084180 2.4779226779937744 76
1664817084193 2.4781460762023926 77
1664817084206 2.4811043739318848 78
1664817084219 2.471269369125366 79
1664817084232 2.4843764305114746 80
1664817084245 2.470841646194458 81
1664817084258 2.4737539291381836 82
1664817084271 2.4767720699310303 83
1664817084284 2.4725866317749023 84
1664817084297 2.4712085723876953 85
1664817084864 2.4722657203674316 86
1664817084877 2.4671072959899902 87
1664817084890 2.472949266433716 88
1664817084904 2.48425555229187 89
1664817084935 2.4727091789245605 90
1664817084949 2.46931791305542 91
1664817084962 2.474188804626465 92
1664817084975 2.4650614261627197 93
1664817084988 2.4881036281585693 94
1664817085001 2.5206496715545654 95
1664817085014 2.519376039505005 96
1664817085028 2.4907541275024414 97
1664817085041 2.4765465259552 98
1664817085053 2.4896936416625977 99
