1664836808947 22.91502571105957 0
1664836808979 21.992311477661133 1
1664836808992 21.180809020996094 2
1664836809006 20.36317253112793 3
1664836809020 19.556318283081055 4
1664836809033 18.721757888793945 5
1664836809047 17.90194320678711 6
1664836809060 17.094167709350586 7
1664836809074 16.28760528564453 8
1664836809087 15.471457481384277 9
1664836809101 14.66067123413086 10
1664836809114 13.855680465698242 11
1664836809227 13.07198429107666 12
1664836809240 12.237772941589355 13
1664836809254 11.438921928405762 14
1664836809267 10.62994384765625 15
1664836809281 9.850324630737305 16
1664836809294 9.106965065002441 17
1664836809308 8.383418083190918 18
1664836809322 7.687234878540039 19
1664836809337 7.031797409057617 20
1664836809351 6.4250593185424805 21
1664836809364 5.878396987915039 22
1664836809378 5.377920150756836 23
1664836809393 4.936776638031006 24
1664836809406 4.459230422973633 25
1664836809420 4.0757856369018555 26
1664836809433 3.595247507095337 27
1664836809447 3.2562382221221924 28
1664836809460 2.9582009315490723 29
1664836809473 2.8310091495513916 30
1664836809487 2.724363327026367 31
1664836809501 2.654218912124634 32
1664836809514 2.5710322856903076 33
1664836809528 2.541801691055298 34
1664836809541 2.517314910888672 35
1664836809555 2.5188679695129395 36
1664836809568 2.503833293914795 37
1664836809582 2.49422550201416 38
1664836809595 2.533374547958374 39
1664836809609 2.4846458435058594 40
1664836809622 2.47744083404541 41
1664836809636 2.474889039993286 42
1664836809650 2.4720089435577393 43
1664836809663 2.466740369796753 44
1664836809677 2.4828412532806396 45
1664836809690 2.476853609085083 46
1664836809703 2.4639644622802734 47
1664836809717 2.4833297729492188 48
1664836809730 2.4838104248046875 49
1664836809744 2.479797840118408 50
1664836809757 2.482296943664551 51
1664836809770 2.4763734340667725 52
1664836809784 2.46964955329895 53
1664836809797 2.487480401992798 54
1664836809810 2.4727344512939453 55
1664836809824 2.478025436401367 56
1664836809838 2.481448173522949 57
1664836809851 2.5103187561035156 58
1664836809864 2.4830100536346436 59
1664836809878 2.472829818725586 60
1664836809891 2.4676735401153564 61
1664836809905 2.472777843475342 62
1664836809918 2.473876714706421 63
1664836809932 2.4734506607055664 64
1664836809946 2.491100311279297 65
1664836809960 2.476402759552002 66
1664836809973 2.497539520263672 67
1664836809987 2.4897940158843994 68
1664836810000 2.5500078201293945 69
1664836810014 2.453369617462158 70
1664836810027 2.493476629257202 71
1664836810041 2.4739463329315186 72
1664836810054 2.463561773300171 73
1664836810068 2.5185341835021973 74
1664836810081 2.4806437492370605 75
1664836810095 2.500181198120117 76
1664836810660 2.4984641075134277 77
1664836810673 2.4989287853240967 78
1664836810687 2.4947686195373535 79
1664836810700 2.473219871520996 80
1664836810713 2.4643452167510986 81
1664836810727 2.4949052333831787 82
1664836810740 2.4738001823425293 83
1664836810754 2.4714043140411377 84
1664836810767 2.489917755126953 85
1664836810781 2.473315954208374 86
1664836810794 2.468592405319214 87
1664836810807 2.479316234588623 88
1664836810821 2.458836078643799 89
1664836810835 2.489326000213623 90
1664836810848 2.467653512954712 91
1664836810862 2.472181797027588 92
1664836810875 2.470582962036133 93
1664836810888 2.4685208797454834 94
1664836810902 2.4785101413726807 95
1664836810915 2.4681551456451416 96
1664836810929 2.4711391925811768 97
1664836810943 2.4687659740448 98
1664836810958 2.4995741844177246 99
