1664818305856 2.5297489166259766 0
1664818305888 2.4861183166503906 1
1664818305903 2.4715113639831543 2
1664818305919 2.487447500228882 3
1664818305934 2.4746782779693604 4
1664818305950 2.483126401901245 5
1664818305965 2.4807868003845215 6
1664818305980 2.479163646697998 7
1664818305996 2.491532564163208 8
1664818306013 2.488732099533081 9
1664818306028 2.4697582721710205 10
1664818306134 2.4777884483337402 11
1664818306149 2.480469226837158 12
1664818306164 2.517369270324707 13
1664818306179 2.480185031890869 14
1664818306194 2.4935462474823 15
1664818306209 2.467259407043457 16
1664818306223 2.480207681655884 17
1664818306238 2.4838263988494873 18
1664818306252 2.50046443939209 19
1664818306267 2.470278024673462 20
1664818306282 2.4752399921417236 21
1664818306296 2.4658164978027344 22
1664818306311 2.4734151363372803 23
1664818306325 2.497865915298462 24
1664818306340 2.477027177810669 25
1664818306354 2.5065789222717285 26
1664818306369 2.46684193611145 27
1664818306383 2.496938467025757 28
1664818306398 2.5125603675842285 29
1664818306412 2.4606800079345703 30
1664818306428 2.4976625442504883 31
1664818306444 2.496091365814209 32
1664818306459 2.5291144847869873 33
1664818306474 2.4733095169067383 34
1664818306488 2.4667980670928955 35
1664818306503 2.487856149673462 36
1664818306517 2.5197031497955322 37
1664818306532 2.5417490005493164 38
1664818306546 2.4822754859924316 39
1664818306561 2.51774263381958 40
1664818306575 2.5147945880889893 41
1664818306590 2.4861536026000977 42
1664818306605 2.468471050262451 43
1664818306619 2.4706757068634033 44
1664818306634 2.4849960803985596 45
1664818306650 2.4864680767059326 46
1664818306665 2.522531270980835 47
1664818306680 2.5486316680908203 48
1664818306694 2.485363006591797 49
1664818306709 2.4902572631835938 50
1664818306723 2.5180346965789795 51
1664818306738 2.470914125442505 52
1664818306753 2.4819533824920654 53
1664818306767 2.4823806285858154 54
1664818306782 2.4746997356414795 55
1664818306796 2.473182439804077 56
1664818306811 2.4722466468811035 57
1664818306825 2.4676597118377686 58
1664818306840 2.465306282043457 59
1664818306855 2.472444534301758 60
1664818306869 2.4751923084259033 61
1664818306884 2.478774070739746 62
1664818306899 2.5073413848876953 63
1664818306914 2.483701229095459 64
1664818306929 2.4651525020599365 65
1664818307408 2.469383716583252 66
1664818307424 2.471374034881592 67
1664818307439 2.477538824081421 68
1664818307454 2.493933916091919 69
1664818307469 2.483560562133789 70
1664818307484 2.479520559310913 71
1664818307499 2.4805729389190674 72
1664818307515 2.4772891998291016 73
1664818307529 2.4711432456970215 74
1664818307544 2.4717442989349365 75
1664818307559 2.4732956886291504 76
1664818307574 2.492267370223999 77
1664818307589 2.4879047870635986 78
1664818307604 2.4696192741394043 79
1664818307620 2.472900390625 80
1664818307635 2.4650139808654785 81
1664818307650 2.47208833694458 82
1664818307664 2.482834577560425 83
1664818307679 2.482877492904663 84
1664818307694 2.5008363723754883 85
1664818307709 2.4668712615966797 86
1664818307724 2.4675588607788086 87
1664818307739 2.48110294342041 88
1664818307754 2.4689106941223145 89
1664818307769 2.500684976577759 90
1664818307784 2.515577793121338 91
1664818307798 2.474144697189331 92
1664818307814 2.4786934852600098 93
1664818307829 2.476045608520508 94
1664818307843 2.4868736267089844 95
1664818307858 2.4953715801239014 96
1664818307873 2.4665133953094482 97
1664818307887 2.4679014682769775 98
1664818307902 2.525240898132324 99
