1664836911186 23.03765106201172 0
1664836911258 22.386171340942383 1
1664836911302 21.67715072631836 2
1664836911352 20.809833526611328 3
1664836911398 19.70930290222168 4
1664836911433 18.290393829345703 5
1664836911535 16.729419708251953 6
1664836911579 15.247330665588379 7
1664836911633 13.73472785949707 8
1664836911674 11.950894355773926 9
1664836911728 9.718962669372559 10
1664836911778 7.1172776222229 11
1664836911820 4.8163299560546875 12
1664836911869 4.214603900909424 13
1664836911900 3.8185489177703857 14
1664836911954 3.384563684463501 15
1664836912016 3.128192901611328 16
1664836912178 2.9047062397003174 17
1664836912220 2.7216920852661133 18
1664836912270 2.592205286026001 19
1664836912345 2.465139627456665 20
1664836912400 2.37400484085083 21
1664836912448 2.293586492538452 22
1664836912500 2.2481260299682617 23
1664836912553 2.2087433338165283 24
1664836912623 2.1626510620117188 25
1664836912667 2.1479859352111816 26
1664836912707 2.123039722442627 27
1664836912752 2.0854194164276123 28
1664836912827 2.0659379959106445 29
1664836912876 2.061361074447632 30
1664836912918 2.038048505783081 31
1664836912966 2.02951979637146 32
1664836913037 2.0279958248138428 33
1664836913082 1.9958511590957642 34
1664836913218 1.9905341863632202 35
1664836913468 1.9697837829589844 36
1664836913526 1.9589502811431885 37
1664836913574 1.960688829421997 38
1664836913618 1.940937876701355 39
1664836913672 1.9421130418777466 40
1664836913711 1.9454154968261719 41
1664836913762 1.9289249181747437 42
1664836913815 1.935954213142395 43
1664836913858 1.9605984687805176 44
1664836913912 1.9275031089782715 45
1664836913959 1.8893762826919556 46
1664836914039 1.8774107694625854 47
1664836914093 1.8685530424118042 48
1664836914203 1.873241901397705 49
1664836914250 1.8651212453842163 50
1664836914363 1.8560932874679565 51
1664836914409 1.8423435688018799 52
1664836914463 1.857886791229248 53
1664836914508 1.833349585533142 54
1664836914577 1.8253612518310547 55
1664836914671 1.8331799507141113 56
1664836914728 1.8153175115585327 57
1664836914793 1.8128160238265991 58
1664836914865 1.8180934190750122 59
1664836914964 1.8158915042877197 60
1664836915312 1.8161251544952393 61
1664836915356 1.805429458618164 62
1664836915409 1.7997831106185913 63
1664836915445 1.7802573442459106 64
1664836915517 1.7797021865844727 65
1664836915573 1.7836267948150635 66
1664836915677 1.7973365783691406 67
1664836915763 1.773283839225769 68
1664836915902 1.778375506401062 69
1664836916034 1.7659287452697754 70
1664836916080 1.7735170125961304 71
1664836916122 1.7614201307296753 72
1664836916177 1.7472455501556396 73
1664836916230 1.752683162689209 74
1664836916281 1.7432544231414795 75
1664836916367 1.747941255569458 76
1664836916432 1.7371487617492676 77
1664836916480 1.7586547136306763 78
1664836916530 1.7335083484649658 79
1664836916577 1.7378486394882202 80
1664836916643 1.7194721698760986 81
1664836916706 1.7333825826644897 82
1664836916752 1.7155908346176147 83
1664836916802 1.7209805250167847 84
1664836916849 1.7315893173217773 85
1664836916905 1.7124074697494507 86
1664836916946 1.707365870475769 87
1664836917014 1.7055474519729614 88
1664836917071 1.6911430358886719 89
1664836917138 1.6990469694137573 90
1664836917190 1.690428614616394 91
1664836917231 1.686116099357605 92
1664836917292 1.6904289722442627 93
1664836917421 1.6730778217315674 94
1664836917755 1.691475510597229 95
1664836917820 1.6780730485916138 96
1664836917884 1.6690784692764282 97
1664836918002 1.6716440916061401 98
1664836918120 1.663815975189209 99
