1664858828493 23.19031524658203 0
1664858828572 22.553142547607422 1
1664858828644 21.882801055908203 2
1664858828731 21.113048553466797 3
1664858828837 20.10706901550293 4
1664858828887 18.802988052368164 5
1664858828931 17.08710479736328 6
1664858828992 15.059064865112305 7
1664858829045 12.907211303710938 8
1664858829112 10.583881378173828 9
1664858829164 8.123210906982422 10
1664858829310 6.287454128265381 11
1664858829457 5.801210403442383 12
1664858829528 5.0694451332092285 13
1664858829558 4.326894283294678 14
1664858829611 3.7961857318878174 15
1664858829671 3.4288330078125 16
1664858829733 3.188947916030884 17
1664858829785 2.9816455841064453 18
1664858829834 2.8398489952087402 19
1664858829889 2.6995909214019775 20
1664858830045 2.586473226547241 21
1664858830098 2.4832911491394043 22
1664858830141 2.398090362548828 23
1664858830196 2.324517250061035 24
1664858830236 2.2499771118164062 25
1664858830291 2.2110605239868164 26
1664858830348 2.1607463359832764 27
1664858830394 2.1231729984283447 28
1664858830457 2.1006133556365967 29
1664858830494 2.059680938720703 30
1664858830550 2.03352689743042 31
1664858830593 2.008885145187378 32
1664858830650 1.992146372795105 33
1664858830695 1.9675458669662476 34
1664858830759 1.9486451148986816 35
1664858830804 1.9481568336486816 36
1664858830864 1.9246125221252441 37
1664858831089 1.9305886030197144 38
1664858831134 1.8991737365722656 39
1664858831186 1.903523564338684 40
1664858831239 1.8895878791809082 41
1664858831276 1.9047142267227173 42
1664858831322 1.866103172302246 43
1664858831357 1.868157982826233 44
1664858831413 1.8613784313201904 45
1664858831453 1.8656196594238281 46
1664858831504 1.8596076965332031 47
1664858831557 1.8321553468704224 48
1664858831610 1.8503608703613281 49
1664858831669 1.8383550643920898 50
1664858831733 1.8197458982467651 51
1664858831792 1.8421831130981445 52
1664858831904 1.822394847869873 53
1664858831955 1.8258917331695557 54
1664858831993 1.8106409311294556 55
1664858832052 1.7909704446792603 56
1664858832094 1.8044885396957397 57
1664858832130 1.7900278568267822 58
1664858832194 1.7932182550430298 59
1664858832258 1.7818187475204468 60
1664858832311 1.770431399345398 61
1664858832357 1.7616065740585327 62
1664858832405 1.7637327909469604 63
1664858832453 1.7649873495101929 64
1664858832506 1.7595359086990356 65
1664858832882 1.755478024482727 66
1664858833015 1.7447725534439087 67
1664858833067 1.7428096532821655 68
1664858833110 1.7388447523117065 69
1664858833158 1.7387446165084839 70
1664858833210 1.7348787784576416 71
1664858833281 1.7519992589950562 72
1664858833331 1.7202802896499634 73
1664858833402 1.7192261219024658 74
1664858833457 1.723023533821106 75
1664858833570 1.720596432685852 76
1664858833625 1.727952003479004 77
1664858833680 1.7281885147094727 78
1664858833730 1.7051606178283691 79
1664858833791 1.7026591300964355 80
1664858833894 1.7075227499008179 81
1664858833940 1.689635157585144 82
1664858833992 1.6950774192810059 83
1664858834053 1.6932135820388794 84
1664858834099 1.6944084167480469 85
1664858834148 1.6846539974212646 86
1664858834207 1.6867913007736206 87
1664858834251 1.6834875345230103 88
1664858834296 1.7088062763214111 89
1664858834358 1.674532413482666 90
1664858834400 1.6530288457870483 91
1664858834458 1.665152907371521 92
1664858834500 1.6615431308746338 93
1664858834553 1.6545391082763672 94
1664858834609 1.657995581626892 95
1664858834694 1.6480754613876343 96
1664858834753 1.6755186319351196 97
1664858834800 1.7082334756851196 98
1664858834864 1.6507929563522339 99
